965534 
220999 
575839 
715289 
976875 
49725 
582077 
379565 
914795 
176951 
981436 
821900 
289408 
659250 
474835 
727270 
256407 
702304 
953603 
508437 
663519 
176867 
709599 
961954 
502604 
126258 
99309 
782067 
633851 
449511 
321871 
679600 
805803 
953074 
393817 
752344 
933392 
4011 
107422 
184132 
315906 
88919 
744922 
311687 
977766 
685348 
587433 
591506 
597248 
986265 
805287 
23444 
551733 
183167 
145573 
143342 
452816 
209732 
943048 
783941 
170559 
75425 
372169 
421496 
753427 
177282 
530844 
74924 
838902 
268112 
900630 
404971 
119496 
80678 
963413 
The average revenue is: 512732 
The minimum revenue is: 4011 
The maximum revenue is: 986265 
The median revenue is: 530844 
The standard deviation of the revenue is: 308486.85597047186 
